1
1
1
2
1
1
1
1
1
2
1
1
1
1
2
1
1
1
1
1
2
1
1
2
1
1
3
1
1
1
2
1
1
4
1
1
1
1
2
2
2
1
2
3
2
1
1
1
2
3
2
1
3
1
1
1
1
1
1
1
5
2
4
2
1
2
1
3
3
4
1
1
3
6
2
3
3
1
1
1
1
3
2
4
5
7
5
2
1
3
2
2
2
2
2
8
2
3
6
2
1
2
2
3
1
2
3
1
3
1
2
2
2
2
1
2
6
1
3
3
3
5
4
2
3
2
3
4
2
3
1
1
3
4
2
4
9
2
5
3
7
1
10
3
3
3
3
3
4
2
2
4
11
4
2
1
8
2
1
4
1
5
4
7
1
4
1
2
4
3
4
1
12
5
4
6
5
1
2
6
5
2
5
5
2
7
4
6
2
8
9
6
1
3
2
10
1
4
2
8
1
3
5
4
3
1
4
4
2
3
3
2
9
4
1
4
5
5
2
2
10
5
4
5
4
7
3
1
7
5
1
4
6
6
3
11
5
6
3
2
5
6
6
13
11
3
3
7
8
7
1
3
6
4
6
5
12
2
3
4
2
3
4
2
4
7
4
5
1
7
3
5
5
8
5
5
2
14
1
6
4
7
7
8
3
5
2
3
1
3
9
4
4
12
3
6
2
3
5
1
7
2
9
2
2
5
6
13
2
4
8
7
8
13
4
5
9
4
15
9
6
2
6
5
6
6
6
1
2
7
4
6
8
6
4
7
5
10
5
14
16
3
10
4
3
1
3
7
6
6
10
7
1
5
7
6
8
6
6
3
7
9
6
2
8
15
4
14
11
7
5
8
7
8
6
17
7
8
9
7
7
2
7
3
2
9
2
12
4
5
2
8
15
1
3
3
4
8
1
8
5
10
3
9
10
6
2
8
3
16
4
7
6
11
16
7
2
12
9
1
8
5
17
3
4
9
17
4
5
6
1
3
3
4
5
9
9
3
3
18
11
4
2
8
5
4
3
6
11
10
9
3
18
5
19
11
9
12
9
4
3
12
4
7
6
10
7
13
6
7
11
7
8
8
7
10
5
12
7
4
7
12
14
8
4
18
19
8
4
4
13
4
13
19
9
11
8
13
10
3
3
10
3
5
11
20
6
14
8
8
15
8
11
21
4
6
10
9
11
8
15
10
13
20
11
5
6
13
10
1
9
12
12
10
12
13
6
5
5
4
16
3
21
9
14
8
6
14
4
17
5
9
7
10
5
8
22
3
9
14
2
7
15
9
10
23
5
10
10
9
16
9
10
11
15
12
13
1
4
15
6
7
9
22
17
11
16
4
9
18
5
11
13
11
10
10
5
1
5
23
8
12
11
18
8
17
3
4
20
5
6
7
16
17
4
12
9
7
10
18
18
1
19
2
11
19
20
2
1
4
11
10
13
21
21
8
19
12
11
8
5
7
10
24
12
3
10
14
4
4
14
13
11
8
8
8
13
19
6
6
12
7
13
14
9
9
25
12
14
13
5
6
5
13
10
20
14
6
9
16
9
10
11
26
24
20
14
5
5
14
5
27
11
10
22
11
7
15
6
14
14
4
10
6
21
2
1
8
1
22
9
15
14
6
3
7
6
13
7
2
8
21
22
12
4
8
9
3
6
4
5
11
7
15
15
23
20
4
7
1
16
12
2
10
16
2
15
15
10
6
9
11
28
15
16
2
7
23
11
10
12
12
8
17
8
3
3
6
10
11
3
2
13
12
13
17
18
29
5
14
24
15
5
1
12
5
16
25
13
9
17
17
13
6
23
16
9
18
5
6
18
11
2
17
22
11
12
12
11
14
14
30
3
23
21
19
6
17
13
11
15
10
16
24
31
25
26
12
11
9
8
9
3
24
12
10
19
13
24
7
4
18
5
10
3
9
20
21
15
19
15
11
